Betas:
	33867.5, -36761.6, 10501, 132.912
RSS = 3.41623e+11
MSE = 6.83247e+09
ROOT_MSE = 82658.7