Betas:
	[ 33867.53322567 -36761.61229634  10501.035838      132.911633  ]
                
RSS = 341623344327.19464
                
MSE = 6832466886.543893
                
ROOT_MSE = 82658.73750877092